6170318012
4567311500
4472874678
5850027825
9126419890
1325746726
1287197684
6957793320
1871574315
2511233011
7053768735
3480894165
1506072075
8866494798
9488541239
3655526839
4599762669
2194540681
2684948757
8595410201
5672734324
7222064844
4996202498
9560119711
4360143949
6314209786
8083552515
1637228547
4469481029
1092734176
8582975027
2283384319
562703759
6344284364
2320658207
6222763320
3887071651
683486690
1074007151
3609553935
2094734343
7840420423
8206860881
5835827929
4248558107
7022709678
6346818783
6594798893
5089135789
5438556200
2707366477
1696559665
5030441112
3422685323
4966028708
9169857397
8806615848
7597674483
8034777950
9252160217
4351685478
815321527
6251963890
8078299567
7724112155
9953079546
3767877572
7200063478
5338848829
2085409310
74078746
526161029
4734627519
7841696428
1234951161
759796263
4825577051
2712856329
8586109372
1358740793
7959638800
6006407557
5294953534
3154934403
5990545307
180225711
5843604133
4934224838
2404626093
5429788425
9009667182
2018086760
9625808648
7373823291
9464730702
104434763
2470605470
447056512
4584606782
7665532990
