9953079546
9625808648
9560119711
9488541239
9464730702
9252160217
9169857397
9126419890
9009667182
8866494798
8806615848
8595410201
8586109372
8582975027
8206860881
8083552515
8078299567
8034777950
7959638800
7841696428
7840420423
7724112155
7665532990
7597674483
7373823291
7222064844
7200063478
7053768735
7022709678
6957793320
6594798893
6346818783
6344284364
6314209786
6251963890
6222763320
6170318012
6006407557
5990545307
5850027825
5843604133
5835827929
5672734324
5438556200
5429788425
5338848829
5294953534
5089135789
5030441112
4996202498
4966028708
4934224838
4825577051
4734627519
4599762669
4584606782
4567311500
4472874678
4469481029
4360143949
4351685478
4248558107
3887071651
3767877572
3655526839
3609553935
3480894165
3422685323
3154934403
2712856329
2707366477
2684948757
2511233011
2470605470
2404626093
2320658207
2283384319
2194540681
2094734343
2085409310
2018086760
1871574315
1696559665
1637228547
1506072075
1358740793
1325746726
1287197684
1234951161
1092734176
1074007151
815321527
759796263
683486690
562703759
526161029
447056512
180225711
104434763
74078746
