74078746
104434763
180225711
447056512
526161029
562703759
683486690
759796263
815321527
1074007151
1092734176
1234951161
1287197684
1325746726
1358740793
1506072075
1637228547
1696559665
1871574315
2018086760
2085409310
2094734343
2194540681
2283384319
2320658207
2404626093
2470605470
2511233011
2684948757
2707366477
2712856329
3154934403
3422685323
3480894165
3609553935
3655526839
3767877572
3887071651
4248558107
4351685478
4360143949
4469481029
4472874678
4567311500
4584606782
4599762669
4734627519
4825577051
4934224838
4966028708
4996202498
5030441112
5089135789
5294953534
5338848829
5429788425
5438556200
5672734324
5835827929
5843604133
5850027825
5990545307
6006407557
6170318012
6222763320
6251963890
6314209786
6344284364
6346818783
6594798893
6957793320
7022709678
7053768735
7200063478
7222064844
7373823291
7597674483
7665532990
7724112155
7840420423
7841696428
7959638800
8034777950
8078299567
8083552515
8206860881
8582975027
8586109372
8595410201
8806615848
8866494798
9009667182
9126419890
9169857397
9252160217
9464730702
9488541239
9560119711
9625808648
9953079546
